0:0:0     545    418    0
0:0:1     545    418    0
0:0:2     558    421    0
0:0:3     545    418    0
0:0:4     545    418    0
0:0:5     543    418    0
0:0:6     544    418    0
0:0:7     549    423    0
0:0:8     544    418    0
0:0:9     544    418    0
0:0:10     544    417    0
0:0:11     544    418    0
0:0:12     570    422    1
0:0:13     544    418    0
0:0:14     543    418    0
0:0:15     543    418    0
0:0:16     543    418    0
0:0:17     583    422    1
0:0:18     543    418    0
0:0:19     543    418    0
0:0:20     539    418    0
0:0:21     538    418    0
0:0:22     536    417    0
0:0:23     535    418    0
0:0:24     533    418    0
0:0:25     531    418    0
0:0:26     529    418    0
0:0:27     528    418    0
0:0:28     529    418    0
0:0:29     528    418    0
0:0:30     528    418    0
0:0:31     527    418    0
0:0:32     527    418    0
0:0:33     527    418    0
0:0:34     526    418    0
0:0:35     527    418    0
0:0:36     527    418    0
0:0:37     527    418    0
0:0:38     527    418    0
0:0:39     528    418    0
0:0:40     527    418    0
0:0:41     527    418    0
0:0:42     527    418    0
0:0:43     527    418    0
0:0:44     527    418    0
0:0:45     527    418    0
0:0:46     527    418    0
0:0:47     527    418    0
0:0:48     529    418    0
0:0:49     528    418    0
0:0:50     528    418    0
0:0:51     528    418    0
0:0:52     527    418    0
0:0:53     529    417    0
0:0:54     529    418    0
0:0:55     529    418    0
0:0:56     529    418    0
0:0:57     530    418    0
0:0:58     530    418    0
0:0:59     530    418    0
0:1:0     530    417    0
0:1:1     530    418    0
0:1:2     531    418    0
0:1:3     532    418    0
0:1:4     531    418    0
0:1:5     531    418    0
0:1:6     531    418    0
0:1:7     532    418    0
0:1:8     533    418    0
0:1:9     533    417    0
0:1:10     532    417    0
0:1:11     533    418    0
0:1:12     534    418    0
0:1:13     535    418    0
0:1:14     535    418    0
0:1:15     535    417    0
0:1:16     536    417    0
0:1:17     536    417    0
0:1:18     537    417    0
0:1:19     537    417    0
0:1:20     536    417    0
0:1:21     536    417    0
0:1:22     537    417    0
0:1:23     538    417    0
0:1:24     538    418    0
0:1:25     539    417    0
0:1:26     539    417    0
0:1:27     539    417    0
0:1:28     540    417    0
0:1:29     541    418    0
0:1:30     541    417    0
0:1:31     541    417    0
0:1:32     541    417    0
0:1:33     542    417    0
0:1:34     542    418    0
0:1:35     542    418    0
0:1:36     543    418    0
0:1:37     543    418    0
0:1:38     544    418    0
0:1:39     544    417    0
0:1:40     544    418    0
0:1:41     544    417    0
0:1:42     543    417    0
0:1:43     556    414    0
0:1:44     552    415    0
0:1:45     565    417    0
0:1:46     564    424    3
0:1:47     588    417    0
0:1:48     552    414    0
0:1:49     549    416    0
0:1:50     0    31    0
0:1:51     0    0    0
0:1:52     0    0    0
0:1:53     0    0    0
0:1:54     0    0    0
0:1:55     0    29    0
0:1:56     0    34    0
0:1:57     0    8    0
0:1:58     307    461    0
0:1:59     367    643    0
0:2:0     407    544    3
0:2:1     460    472    0
0:2:2     505    361    0
0:2:3     519    397    0
0:2:4     528    497    0
0:2:5     534    531    0
0:2:6     543    470    2
0:2:7     545    342    3
0:2:8     570    291    0
0:2:9     555    345    0
0:2:10     544    456    0
0:2:11     567    513    0
0:2:12     556    452    0
0:2:13     551    324    5
0:2:14     564    283    0
0:2:15     574    336    0
0:2:16     555    464    0
0:2:17     553    497    5
0:2:18     551    13    4
0:2:19     560    64    0
0:2:20     547    57    0
0:2:21     553    55    5
0:2:22     572    57    0
0:2:23     565    67    0
0:2:24     551    82    1
0:2:25     579    85    0
0:2:26     578    86    0
0:2:27     577    85    0
0:2:28     554    82    4
0:2:29     580    99    0
0:2:30     554    96    1
0:2:31     564    111    0
0:2:32     557    96    4
0:2:33     556    96    4
0:2:34     553    105    0
0:2:35     558    103    4
0:2:36     555    103    4
0:2:37     552    105    0
0:2:38     575    106    0
0:2:39     556    107    0
0:2:40     555    107    0
0:2:41     570    109    0
0:2:42     555    109    0
0:2:43     556    108    0
0:2:44     567    114    0
0:2:45     569    122    0
0:2:46     577    111    0
0:2:47     576    125    0
0:2:48     564    108    4
0:2:49     573    128    0
0:2:50     557    111    0
0:2:51     558    111    0
0:2:52     581    112    0
0:2:53     562    109    1
0:2:54     586    112    0
0:2:55     560    109    0
0:2:56     563    112    0
0:2:57     566    111    1
0:2:58     559    112    0
0:2:59     560    111    0
0:3:0     570    113    0
0:3:1     560    112    0
0:3:2     560    111    0
0:3:3     566    110    5
0:3:4     589    112    0
0:3:5     585    113    0
0:3:6     563    110    0
0:3:7     563    110    0
0:3:8     567    109    5
0:3:9     576    127    0
0:3:10     576    118    0
0:3:11     571    111    0
0:3:12     564    110    0
0:3:13     586    119    0
0:3:14     594    113    0
0:3:15     566    111    0
0:3:16     589    113    0
0:3:17     592    113    0
0:3:18     586    116    0
0:3:19     572    415    0
0:3:20     603    416    0
0:3:21     598    416    0
0:3:22     575    420    0
0:3:23     569    413    1
0:3:24     590    416    0
0:3:25     577    419    0
0:3:26     567    415    0
0:3:27     567    414    0
0:3:28     584    436    0
0:3:29     604    416    0
0:3:30     587    434    0
0:3:31     602    416    0
0:3:32     569    414    0
0:3:33     578    418    0
0:3:34     594    416    0
0:3:35     597    416    0
0:3:36     568    416    0
0:3:37     570    414    0
0:3:38     571    427    0
0:3:39     569    416    0
0:3:40     588    416    0
0:3:41     579    417    0
0:3:42     578    414    0
0:3:43     574    440    0
0:3:44     581    424    0
0:3:45     604    416    0
0:3:46     571    414    0
0:3:47     573    413    0
0:3:48     576    419    1
0:3:49     571    415    0
0:3:50     571    416    0
0:3:51     593    416    0
0:3:52     584    423    0
0:3:53     581    417    6
0:3:54     590    439    0
0:3:55     575    413    1
0:3:56     579    414    0
0:3:57     574    413    2
0:3:58     594    415    0
0:3:59     573    414    0
0:4:0     602    416    0
0:4:1     575    414    0
0:4:2     585    417    0
0:4:3     593    416    0
0:4:4     579    413    5
0:4:5     583    416    4
0:4:6     579    413    0
0:4:7     578    413    0
0:4:8     598    416    0
0:4:9     592    431    0
0:4:10     595    436    0
0:4:11     608    416    0
0:4:12     593    438    0
0:4:13     576    427    0
0:4:14     581    413    1
0:4:15     588    415    2
0:4:16     613    416    0
0:4:17     580    413    0
0:4:18     610    416    0
0:4:19     580    414    0
0:4:20     581    415    0
0:4:21     597    419    0
0:4:22     585    414    0
0:4:23     588    439    0
0:4:24     588    414    0
0:4:25     587    414    0
0:4:26     587    415    0
0:4:27     589    415    0
0:4:28     592    435    0
0:4:29     595    414    2
0:4:30     592    413    0
0:4:31     621    415    0
0:4:32     594    413    0
0:4:33     593    429    0
0:4:34     611    431    0
0:4:35     591    416    0
0:4:36     600    414    3
0:4:37     593    413    0
0:4:38     592    420    0
0:4:39     593    414    0
0:4:40     594    413    0
0:4:41     602    420    0
0:4:42     597    413    0
0:4:43     595    436    0
0:4:44     592    415    0
0:4:45     591    415    0
0:4:46     616    416    0
0:4:47     608    438    0
0:4:48     602    417    4
0:4:49     592    413    0
0:4:50     592    413    0
0:4:51     595    413    2
0:4:52     589    415    0
0:4:53     609    416    0
0:4:54     604    429    0
0:4:55     593    416    0
0:4:56     608    434    0
0:4:57     618    416    0
0:4:58     590    437    0
0:4:59     587    414    0
0:5:0     593    414    4
0:5:1     605    437    0
0:5:2     582    415    0
0:5:3     587    421    0
0:5:4     578    415    0
0:5:5     577    413    0
0:5:6     579    413    4
0:5:7     573    413    0
0:5:8     591    416    0
0:5:9     598    416    0
0:5:10     589    416    0
0:5:11     585    416    0
0:5:12     575    418    0
0:5:13     575    417    4
0:5:14     565    413    0
0:5:15     575    436    0
0:5:16     562    413    0
0:5:17     596    416    0
0:5:18     578    416    4
0:5:19     575    437    0
0:5:20     574    415    0
0:5:21     560    414    0
0:5:22     570    423    0
0:5:23     580    418    0
0:5:24     563    413    0
0:5:25     571    418    0
0:5:26     559    415    0
0:5:27     560    413    0
0:5:28     574    417    4
0:5:29     560    415    0
0:5:30     564    415    0
0:5:31     561    414    0
0:5:32     560    414    0
0:5:33     580    417    5
0:5:34     595    416    0
0:5:35     561    413    322
0:5:36     585    417    391
0:5:37     564    413    411
0:5:38     593    417    396
0:5:39     566    413    396
0:5:40     572    422    404
0:5:41     560    415    413
0:5:42     561    414    416
0:5:43     566    421    412
0:5:44     582    447    399
0:5:45     563    415    396
0:5:46     592    418    404
0:5:47     577    418    412
0:5:48     585    421    425
0:5:49     601    417    411
0:5:50     564    416    408
0:5:51     588    418    404
0:5:52     601    417    404
0:5:53     589    421    417
0:5:54     567    414    413
0:5:55     576    437    409
0:5:56     568    414    420
0:5:57     565    416    408
0:5:58     574    424    412
0:5:59     566    415    412
0:6:0     575    427    410
0:6:1     573    418    408
0:6:2     577    425    406
0:6:3     576    424    411
0:6:4     586    434    407
0:6:5     583    447    408
0:6:6     572    415    410
0:6:7     566    417    405
0:6:8     581    425    425
0:6:9     579    416    421
0:6:10     608    417    410
0:6:11     576    415    419
0:6:12     578    415    431
0:6:13     569    415    413
0:6:14     567    417    404
0:6:15     568    416    403
0:6:16     579    414    417
0:6:17     580    414    423
0:6:18     601    418    413
0:6:19     587    417    421
0:6:20     577    413    0
0:6:21     590    424    4
0:6:22     567    416    0
0:6:23     590    422    4
0:6:24     591    422    5
0:6:25     605    421    0
0:6:26     570    415    0
0:6:27     568    416    0
0:6:28     580    414    0
0:6:29     580    414    0
0:6:30     572    415    0
0:6:31     570    416    0
0:6:32     577    414    0
0:6:33     571    415    0
0:6:34     574    414    0
0:6:35     575    414    0
0:6:36     584    417    0
0:6:37     589    417    0
0:6:38     578    413    0
0:6:39     571    415    0
0:6:40     595    431    5
0:6:41     590    419    2
0:6:42     571    416    0
0:6:43     576    414    0
0:6:44     581    413    0
0:6:45     572    415    0
0:6:46     572    415    0
0:6:47     576    414    0
0:6:48     578    413    0
0:6:49     590    419    4
0:6:50     583    414    0
0:6:51     607    417    0
0:6:52     572    415    0
0:6:53     583    414    0
0:6:54     573    415    0
0:6:55     587    415    1
0:6:56     575    414    0
0:6:57     585    414    0
0:6:58     583    414    0
0:6:59     576    414    0
0:7:0     574    415    0
0:7:1     581    413    0
0:7:2     576    414    0
0:7:3     592    421    4
0:7:4     577    414    0
0:7:5     574    415    0
0:7:6     575    415    0
0:7:7     584    413    0
0:7:8     581    413    0
0:7:9     576    415    0
0:7:10     609    439    0
0:7:11     604    437    3
0:7:12     574    417    0
0:7:13     576    414    0
0:7:14     574    415    0
0:7:15     574    416    0
0:7:16     573    416    0
0:7:17     577    414    0
0:7:18     588    415    1
0:7:19     573    416    0
0:7:20     573    416    0
0:7:21     599    417    0
0:7:22     607    416    0
0:7:23     579    414    0
0:7:24     576    415    0
0:7:25     577    414    0
0:7:26     574    416    0
0:7:27     575    416    0
0:7:28     574    416    0
0:7:29     580    413    0
0:7:30     578    414    0
0:7:31     610    434    0
0:7:32     579    414    0
0:7:33     605    417    0
0:7:34     590    416    2
0:7:35     584    413    0
0:7:36     578    414    0
0:7:37     577    415    0
0:7:38     578    414    0
0:7:39     575    416    0
0:7:40     581    413    0
0:7:41     581    413    0
0:7:42     610    416    0
0:7:43     578    415    0
0:7:44     579    414    0
0:7:45     579    414    0
0:7:46     593    417    3
0:7:47     574    416    0
0:7:48     612    417    0
0:7:49     595    421    4
0:7:50     574    416    0
0:7:51     578    414    0
0:7:52     599    429    4
0:7:53     579    415    0
0:7:54     583    414    0
0:7:55     604    434    3
0:7:56     602    428    5
0:7:57     576    416    0
0:7:58     581    415    0
0:7:59     576    416    0
0:8:0     596    417    0
0:8:1     581    417    0
0:8:2     588    416    0
0:8:3     605    438    2
0:8:4     587    414    0
0:8:5     581    414    0
0:8:6     579    415    0
0:8:7     580    416    0
0:8:8     618    419    0
0:8:9     591    414    0
0:8:10     612    417    0
0:8:11     623    432    0
0:8:12     585    416    0
0:8:13     586    416    0
0:8:14     596    413    0
0:8:15     596    414    0
0:8:16     592    418    0
0:8:17     604    415    0
0:8:18     590    415    0
0:8:19     612    422    6
0:8:20     628    428    0
0:8:21     605    415    0
0:8:22     592    416    0
0:8:23     591    416    0
0:8:24     619    435    2
0:8:25     598    413    0
0:8:26     607    417    2
0:8:27     591    416    0
0:8:28     600    414    0
0:8:29     592    417    0
0:8:30     596    413    0
0:8:31     592    414    0
0:8:32     614    417    0
0:8:33     611    420    5
0:8:34     601    414    0
0:8:35     588    416    0
0:8:36     590    415    0
0:8:37     606    416    2
0:8:38     589    415    0
0:8:39     600    414    5
0:8:40     586    416    17
0:8:41     590    414    17
0:8:42     584    416    17
0:8:43     620    434    17
0:8:44     591    441    17
0:8:45     596    415    18
0:8:46     582    416    17
0:8:47     584    414    16
0:8:48     593    415    18
0:8:49     615    416    17
0:8:50     614    439    17
0:8:51     577    416    17
0:8:52     605    436    19
0:8:53     576    415    17
0:8:54     583    440    18
0:8:55     607    439    17
0:8:56     601    433    19
0:8:57     592    424    23
0:8:58     582    413    16
0:8:59     572    421    17
0:9:0     569    416    17
0:9:1     573    413    17
0:9:2     582    415    19
0:9:3     578    414    17
0:9:4     570    431    17
0:9:5     566    415    17
0:9:6     598    434    18
0:9:7     566    414    17
0:9:8     563    415    17
0:9:9     570    426    18
0:9:10     560    416    17
0:9:11     559    416    17
0:9:12     577    416    18
0:9:13     572    415    21
0:9:14     593    416    18
0:9:15     569    415    18
0:9:16     557    415    17
0:9:17     554    416    17
0:9:18     585    417    18
0:9:19     584    416    20
0:9:20     556    413    17
0:9:21     552    415    17
0:9:22     550    416    17
0:9:23     560    414    18
0:9:24     558    418    19
0:9:25     547    416    18
0:9:26     549    415    18
0:9:27     548    415    17
0:9:28     565    417    18
0:9:29     549    431    18
0:9:30     571    440    18
0:9:31     567    429    23
0:9:32     542    416    18
0:9:33     553    414    19
0:9:34     557    418    20
0:9:35     544    414    16
0:9:36     539    416    17
0:9:37     554    416    20
0:9:38     539    416    18
0:9:39     541    425    18
0:9:40     540    414    18
0:9:41     537    415    18
0:9:42     540    417    18
0:9:43     538    414    2
0:9:44     568    416    4
0:9:45     533    416    2
0:9:46     535    415    0
0:9:47     532    417    0
0:9:48     536    415    0
0:9:49     533    418    0
0:9:50     536    414    0
0:9:51     534    415    0
0:9:52     531    415    0
0:9:53     547    415    0
0:9:54     533    423    0
0:9:55     536    412    0
0:9:56     529    415    0
0:9:57     540    412    0
0:9:58     528    415    0
0:9:59     555    417    0
0:10:0     558    424    1
0:10:1     556    415    0
0:10:2     527    405    0
0:10:3     521    406    0
0:10:4     522    431    0
0:10:5     535    404    0
0:10:6     517    399    0
0:10:7     519    402    0
0:10:8     518    412    2
0:10:9     509    400    3
0:10:10     475    389    0
0:10:11     466    391    0
0:10:12     459    391    0
0:10:13     455    391    0
0:10:14     484    393    2
0:10:15     448    384    0
0:10:16     445    383    0
0:10:17     438    385    0
0:10:18     436    385    0
0:10:19     438    397    0
0:10:20     430    378    0
0:10:21     429    376    0
0:10:22     426    376    0
0:10:23     432    377    0
0:10:24     421    382    0
0:10:25     427    372    0
0:10:26     419    370    0
0:10:27     432    380    3
0:10:28     442    387    1
0:10:29     415    382    0
0:10:30     442    386    0
0:10:31     429    377    4
0:10:32     406    366    0
0:10:33     410    363    0
0:10:34     405    367    6
0:10:35     405    357    0
0:10:36     400    360    0
0:10:37     401    358    0
0:10:38     402    358    0
0:10:39     402    367    1
0:10:40     401    352    0
0:10:41     395    354    0
0:10:42     425    367    0
0:10:43     394    352    0
0:10:44     401    369    4
0:10:45     413    352    0
0:10:46     389    348    0
0:10:47     412    354    0
0:10:48     412    354    0
0:10:49     391    351    2
0:10:50     392    341    0
0:10:51     385    344    2
0:10:52     388    342    0
0:10:53     391    341    0
0:10:54     408    368    2
0:10:55     385    337    0
0:10:56     402    341    0
0:10:57     385    336    0
0:10:58     380    338    0
0:10:59     383    341    1
0:11:0     379    333    0
0:11:1     384    330    0
0:11:2     378    351    5
0:11:3     407    344    1
0:11:4     385    337    1
0:11:5     378    328    0
0:11:6     379    327    0
0:11:7     376    328    0
0:11:8     391    329    0
0:11:9     396    335    1
0:11:10     389    324    0
0:11:11     378    336    4
0:11:12     374    324    0
0:11:13     380    343    5
0:11:14     386    330    1
0:11:15     372    320    0
0:11:16     374    318    0
0:11:17     379    317    0
0:11:18     385    321    0
0:11:19     379    317    0
0:11:20     390    319    0
0:11:21     399    332    1
0:11:22     372    335    5
0:11:23     370    314    0
0:11:24     395    320    0
0:11:25     389    332    3
0:11:26     376    307    0
0:11:27     370    309    0
0:11:28     371    308    0
0:11:29     379    308    0
0:11:30     372    307    0
0:11:31     368    305    0
0:11:32     365    306    0
0:11:33     398    324    2
0:11:34     365    305    0
0:11:35     364    307    2
0:11:36     365    301    0
0:11:37     366    300    0
0:11:38     396    319    4
0:11:39     362    302    0
0:11:40     382    308    1
0:11:41     363    296    0
0:11:42     388    310    2
0:11:43     362    297    0
0:11:44     383    303    1
0:11:45     361    297    0
0:11:46     364    291    0
0:11:47     368    292    0
0:11:48     363    292    0
0:11:49     363    292    0
0:11:50     391    298    0
0:11:51     370    288    0
0:11:52     360    304    6
0:11:53     360    291    0
0:11:54     360    291    0
0:11:55     359    291    0
0:11:56     359    287    0
0:11:57     371    285    0
0:11:58     387    293    0
0:11:59     362    284    0
0:12:0     359    287    0
0:12:1     361    295    0
0:12:2     358    283    5
0:12:3     387    285    0
0:12:4     356    283    1
0:12:5     355    284    6
0:12:6     357    279    2
0:12:7     355    289    0
0:12:8     360    279    2
0:12:9     392    277    0
0:12:10     379    280    0
0:12:11     367    274    1
0:12:12     351    295    0
0:12:13     347    276    2
0:12:14     347    279    0
0:12:15     371    273    0
0:12:16     343    272    7
0:12:17     353    273    0
0:12:18     358    272    0
0:12:19     366    269    0
0:12:20     343    288    1
0:12:21     365    266    0
0:12:22     341    267    6
0:12:23     338    286    0
0:12:24     336    275    0
0:12:25     339    268    7
0:12:26     340    264    5
0:12:27     348    266    0
0:12:28     338    264    7
0:12:29     336    265    4
0:12:30     363    262    1
0:12:31     340    260    1
0:12:32     343    260    1
0:12:33     335    280    1
0:12:34     361    259    0
0:12:35     336    262    4
0:12:36     364    256    0
0:12:37     335    279    0
0:12:38     335    272    1
0:12:39     359    256    0
0:12:40     334    259    3
0:12:41     333    263    0
0:12:42     349    253    1
0:12:43     356    255    0
0:12:44     332    275    0
0:12:45     335    254    7
0:12:46     332    252    3
0:12:47     343    255    0
0:12:48     329    271    0
0:12:49     352    249    1
0:12:50     329    266    0
0:12:51     330    270    0
0:12:52     329    270    0
0:12:53     339    249    0
0:12:54     329    270    0
0:12:55     337    247    4
0:12:56     328    254    0
0:12:57     358    243    0
0:12:58     356    243    0
0:12:59     341    244    1
0:13:0     333    245    6
0:13:1     326    249    0
0:13:2     347    240    1
0:13:3     327    243    2
0:13:4     328    242    4
0:13:5     330    242    6
0:13:6     327    240    0
0:13:7     349    238    0
0:13:8     335    239    7
0:13:9     350    237    1
0:13:10     350    238    0
0:13:11     325    237    1
0:13:12     328    236    4
0:13:13     343    235    5
0:13:14     330    236    7
0:13:15     341    235    3
0:13:16     349    231    1
0:13:17     326    240    0
0:13:19     333    232    7
0:13:20     327    233    3
0:13:21     344    233    0
0:13:22     327    231    3
0:13:23     326    240    0
0:13:24     325    243    0
0:13:25     336    231    9
0:13:26     324    244    0
0:13:27     328    227    22
0:13:28     334    226    6
0:13:29     349    225    4
0:13:30     335    227    6
0:13:31     321    228    7
0:13:32     322    224    12
0:13:33     321    225    8
0:13:34     322    224    11
0:13:35     334    223    6
0:13:36     319    237    5
0:13:37     342    220    6
0:13:38     321    228    5
0:13:39     350    220    5
0:13:40     322    242    5
0:13:41     326    223    6
0:13:42     321    236    6
0:13:43     319    225    5
0:13:44     319    238    5
0:13:45     319    219    10
0:13:46     343    217    6
0:13:47     347    216    1
0:13:48     317    229    0
0:13:49     331    215    13
0:13:50     323    218    12
0:13:51     341    214    12
0:13:52     318    214    13
0:13:53     339    212    12
0:13:54     314    217    12
0:13:55     316    214    13
0:13:56     314    216    12
0:13:57     314    226    9
0:13:58     320    211    1
0:13:59     317    211    1
0:14:0     314    213    2
0:14:1     325    213    5
0:14:2     342    231    7
0:14:3     314    210    1
0:14:4     328    215    5
0:14:5     338    223    8
0:14:6     324    221    2
0:14:7     332    212    5
0:14:8     318    208    1
0:14:9     317    207    1
0:14:10     324    207    2
0:14:11     337    209    7
0:14:12     341    204    1
0:14:13     335    206    1
0:14:14     352    221    8
0:14:15     328    207    1
0:14:16     353    207    7
0:14:17     341    205    2
0:14:18     337    205    3
0:14:19     341    211    5
0:14:20     323    204    2
0:14:21     333    206    3
0:14:22     322    203    2
0:14:23     345    221    4
0:14:24     332    200    1
0:14:25     332    200    1
0:14:26     334    204    3
0:14:27     329    200    1
0:14:28     330    215    3
0:14:29     331    202    2
0:14:30     329    199    1
0:14:31     339    203    4
0:14:32     327    199    1
0:14:33     342    214    8
0:14:34     319    200    1
0:14:35     322    199    1
0:14:36     347    202    7
0:14:37     319    201    1
0:14:38     329    202    2
0:14:39     318    201    1
0:14:40     324    200    1
0:14:41     329    202    4
0:14:42     327    203    1
0:14:43     333    203    2
0:14:44     329    203    2
0:14:45     353    225    8
0:14:46     347    204    8
0:14:47     334    208    4
0:14:48     320    203    1
0:14:49     319    204    1
0:14:50     317    204    2
0:14:51     327    206    2
0:14:52     317    206    2
0:14:53     342    225    5
0:14:54     316    204    1
0:14:55     315    205    1
0:14:56     316    223    2
0:14:57     338    226    8
0:14:58     320    205    1
0:14:59     312    208    2
0:15:0     313    206    1
0:15:1     315    231    2
0:15:2     311    207    1
0:15:3     311    207    1
0:15:4     307    209    1
0:15:5     324    209    2
0:15:6     310    218    2
0:15:7     309    209    1
0:15:8     310    208    0
0:15:9     309    209    1
0:15:10     327    226    8
0:15:11     319    212    3
0:15:12     325    226    7
0:15:13     309    210    0
0:15:14     307    211    1
0:15:15     306    212    1
0:15:16     314    229    1
0:15:17     321    216    2
0:15:18     310    211    1
0:15:19     306    213    1
0:15:20     315    235    7
0:15:21     329    215    4
0:15:22     326    229    6
0:15:23     313    213    1
0:15:24     315    216    1
0:15:25     308    213    0
0:15:26     318    217    2
0:15:27     305    215    1
0:15:28     330    237    8
0:15:29     304    216    1
0:15:30     309    214    1
0:15:31     305    219    2
0:15:32     311    215    2
0:15:33     314    221    2
0:15:34     308    214    1
0:15:35     305    215    1
0:15:36     307    231    2
0:15:37     318    226    5
0:15:38     331    238    6
0:15:39     304    216    1
0:15:40     306    215    0
0:15:41     304    218    7
0:15:42     302    218    2
0:15:43     309    217    2
0:15:44     301    218    1
0:15:45     301    218    2
0:15:46     305    229    2
0:15:47     326    238    5
0:15:48     303    215    1
0:15:49     313    224    7
0:15:50     301    217    1
0:15:51     316    219    2
0:15:52     309    216    3
0:15:53     301    215    1
0:15:54     325    217    1
0:15:55     300    216    1
0:15:56     314    218    6
0:15:57     300    215    1
0:15:58     311    222    7
0:15:59     321    232    8
0:16:0     302    213    0
0:16:1     311    236    2
0:16:2     300    214    1
0:16:3     299    215    1
0:16:4     299    214    1
0:16:5     321    232    8
0:16:6     307    231    2
0:16:7     300    213    1
0:16:8     313    223    7
0:16:9     299    215    1
0:16:10     301    212    1
0:16:11     305    220    9
0:16:12     308    214    4
0:16:13     299    213    1
0:16:14     300    211    1
0:16:15     299    213    1
0:16:16     306    218    6
0:16:17     299    211    1
0:16:18     299    212    1
0:16:19     312    222    7
0:16:20     312    221    8
0:16:21     303    216    3
0:16:22     298    210    1
0:16:23     300    208    0
0:16:24     313    221    8
0:16:25     299    208    0
0:16:26     305    215    3
0:16:27     321    228    8
0:16:28     325    228    1
0:16:29     302    207    1
0:16:30     301    207    1
0:16:31     322    231    4
0:16:32     305    209    3
0:16:33     296    208    1
0:16:34     301    206    2
0:16:35     296    206    1
0:16:36     298    206    0
0:16:37     297    204    1
0:16:38     296    206    1
0:16:39     303    207    4
0:16:40     324    213    1
0:16:41     298    204    1
0:16:42     309    206    5
0:16:43     298    203    0
0:16:44     298    203    1
0:16:45     297    203    1
0:16:46     298    202    1
0:16:47     300    203    1
0:16:48     305    204    1
0:16:49     314    204    1
0:16:50     310    215    7
0:16:51     311    217    7
0:16:52     295    203    1
0:16:53     297    199    1
0:16:54     295    200    1
0:16:55     296    200    0
0:16:56     294    202    1
0:16:57     294    201    1
0:16:58     296    198    0
0:16:59     296    198    1
0:17:0     307    211    7
0:17:1     296    198    0
0:17:2     294    199    1
0:17:3     297    197    1
0:17:4     311    208    6
0:17:5     296    198    1
0:17:6     323    221    6
0:17:7     297    198    1
0:17:8     297    197    1
0:17:9     301    195    0
0:17:10     296    197    1
0:17:11     299    195    1
0:17:12     297    195    0
0:17:13     309    206    7
0:17:14     294    196    1
0:17:15     297    193    1
0:17:16     314    214    8
0:17:17     294    196    1
0:17:18     294    194    1
0:17:19     297    192    0
0:17:20     295    193    1
0:17:21     298    195    1
0:17:22     293    194    1
0:17:23     293    192    1
0:17:24     294    191    1
0:17:25     310    207    8
0:17:26     292    193    1
0:17:27     297    193    1
0:17:28     292    190    1
0:17:29     293    189    1
0:17:30     317    213    5
0:17:31     292    190    0
0:17:32     292    190    1
0:17:33     297    187    1
0:17:34     291    189    1
0:17:35     297    188    2
0:17:36     292    188    1
0:17:37     302    192    5
0:17:38     291    188    1
0:17:39     315    188    2
0:17:40     310    210    3
0:17:41     313    207    7
0:17:42     294    188    1
0:17:43     292    184    1
0:17:44     299    187    4
0:17:45     291    186    1
0:17:46     306    202    8
0:17:47     291    185    1
0:17:48     292    183    0
0:17:49     294    182    0
0:17:50     318    186    1
0:17:51     290    183    1
0:17:52     292    183    0
0:17:53     300    185    5
0:17:54     295    180    2
0:17:55     290    183    1
0:17:56     295    181    1
0:17:57     291    182    1
0:17:58     294    179    1
0:17:59     290    180    1
0:18:0     289    181    1
0:18:1     299    186    6
0:18:2     314    201    6
0:18:3     290    179    1
0:18:4     299    184    6
0:18:5     291    177    0
0:18:6     296    180    1
0:18:7     289    179    1
0:18:8     290    178    1
0:18:9     290    177    1
0:18:10     291    176    0
0:18:11     291    179    1
0:18:12     293    176    1
0:18:13     289    177    1
0:18:14     306    177    1
0:18:15     290    176    1
0:18:16     293    175    1
0:18:17     310    198    7
0:18:18     291    173    1
0:18:19     291    173    1
0:18:20     306    196    5
0:18:21     288    175    1
0:18:22     288    175    1
0:18:23     306    191    8
0:18:24     290    172    0
0:18:25     317    184    1
0:18:26     314    175    1
0:18:27     288    174    1
0:18:28     291    173    1
0:18:29     288    172    1
0:18:30     289    171    1
0:18:31     295    172    2
0:18:32     297    172    3
0:18:33     295    169    2
0:18:34     291    171    1
0:18:35     293    169    0
0:18:36     292    169    0
0:18:37     317    178    2
0:18:38     295    168    1
0:18:39     293    171    1
0:18:40     295    168    2
0:18:41     291    168    0
0:18:42     303    182    8
0:18:43     317    170    1
0:18:44     302    169    1
0:18:45     288    167    1
0:18:46     312    191    4
0:18:47     302    186    7
0:18:48     287    168    1
0:18:49     290    165    0
0:18:50     289    165    0
0:18:51     291    165    1
0:18:52     289    165    1
0:18:53     290    164    1
0:18:54     293    167    1
0:18:55     287    165    1
0:18:56     304    180    8
0:18:57     293    166    3
0:18:58     301    176    8
0:18:59     286    165    1
0:19:0     299    174    8
0:19:1     310    187    1
0:19:2     289    162    1
0:19:3     294    166    6
0:19:4     311    184    2
0:19:5     286    162    1
0:19:6     287    162    1
0:19:7     313    165    1
0:19:8     286    162    1
0:19:9     302    163    2
0:19:10     289    160    1
0:19:11     287    160    0
0:19:12     287    171    1
0:19:13     289    160    1
0:19:14     287    162    1
0:19:15     308    183    5
0:19:16     304    182    2
0:19:17     290    175    2
0:19:18     286    159    1
0:19:19     286    160    1
0:19:20     286    159    1
0:19:21     287    158    0
0:19:22     289    177    1
0:19:23     313    174    1
0:19:24     285    159    1
0:19:25     290    158    3
0:19:26     286    157    0
0:19:27     314    160    2
0:19:28     285    157    1
0:19:29     288    156    2
0:19:30     284    158    1
0:19:31     286    155    0
0:19:32     290    160    2
0:19:33     285    155    0
0:19:34     312    175    1
0:19:35     285    155    0
0:19:36     284    155    0
0:19:37     285    158    1
0:19:38     286    153    0
0:19:39     284    155    1
0:19:40     287    153    1
0:19:41     299    156    1
0:19:42     294    157    4
0:19:43     283    155    1
0:19:44     284    152    1
0:19:45     292    159    6
0:19:46     304    155    1
0:19:47     296    155    2
0:19:48     285    151    0
0:19:49     285    151    1
0:19:50     290    151    2
0:19:51     291    155    6
0:19:52     303    154    9
0:19:53     309    153    1
0:19:54     310    167    2
0:19:55     283    152    1
0:19:56     289    152    4
0:19:57     287    157    2
0:19:58     299    169    2
0:19:59     283    151    1
0:20:0     285    149    0
0:20:1     283    150    1
0:20:2     290    153    3
0:20:3     290    156    7
0:20:4     305    172    1
0:20:5     282    151    1
0:20:6     288    151    4
0:20:7     312    151    3
0:20:8     282    150    1
0:20:9     285    147    1
0:20:10     282    150    1
0:20:11     295    160    8
0:20:12     286    172    2
0:20:13     285    147    1
0:20:14     282    149    1
0:20:15     286    147    1
0:20:16     282    148    1
0:20:17     284    164    1
0:20:18     282    148    1
0:20:19     310    163    1
0:20:20     281    148    1
0:20:21     299    149    1
0:20:22     283    154    1
0:20:23     289    149    6
0:20:24     282    146    0
0:20:25     283    146    1
0:20:26     293    159    8
0:20:27     284    167    1
0:20:28     284    144    1
0:20:29     290    152    7
0:20:30     306    154    1
0:20:31     281    146    1
0:20:32     284    169    1
0:20:33     280    145    1
0:20:34     281    144    1
0:20:35     289    150    7
0:20:36     295    164    2
0:20:37     289    147    3
0:20:38     296    162    7
0:20:39     281    145    1
0:20:40     281    144    1
0:20:41     310    155    2
0:20:42     297    146    7
0:20:43     287    144    5
0:20:44     282    142    0
0:20:45     281    143    0
0:20:46     294    156    8
0:20:47     299    145    8
0:20:48     280    143    1
0:20:49     306    166    2
0:20:50     282    141    0
0:20:51     288    146    5
0:20:52     283    167    1
0:20:53     279    143    1
0:20:54     282    141    1
0:20:55     280    142    1
0:20:56     296    161    6
0:20:57     281    146    2
0:20:58     281    141    0
0:20:59     280    143    1
0:21:0     302    163    2
0:21:1     292    159    4
0:21:2     283    158    1
0:21:3     281    140    0
0:21:4     280    140    0
0:21:5     279    142    1
0:21:6     282    139    1
0:21:7     295    143    4
0:21:8     298    161    1
0:21:9     280    140    1
0:21:10     293    152    8
0:21:11     278    141    1
0:21:12     284    164    1
0:21:13     280    139    0
0:21:14     282    139    2
0:21:15     306    141    1
0:21:16     278    141    1
0:21:17     305    142    6
0:21:18     282    138    2
0:21:19     282    138    1
0:21:20     281    138    1
0:21:21     280    138    1
0:21:22     282    148    2
0:21:23     302    161    1
0:21:24     285    140    5
0:21:25     278    140    1
0:21:26     291    149    7
0:21:27     286    164    2
0:21:28     278    139    1
0:21:29     279    138    0
0:21:30     279    138    0
0:21:31     284    139    3
0:21:32     307    141    3
0:21:33     299    161    1
0:21:34     294    161    2
0:21:35     286    143    7
0:21:36     279    136    0
0:21:37     281    141    8
0:21:38     276    139    1
0:21:39     286    141    7
0:21:40     278    137    1
0:21:41     277    138    1
0:21:42     307    142    2
0:21:43     286    143    8
0:21:44     279    135    1
0:21:45     278    135    0
0:21:46     276    138    1
0:21:47     289    152    9
0:21:48     279    135    0
0:21:49     284    138    7
0:21:50     305    148    1
0:21:51     277    137    1
0:21:52     281    142    2
0:21:53     280    134    1
0:21:54     277    137    1
0:21:55     278    135    0
0:21:56     278    135    1
0:21:57     285    141    3
0:21:58     279    133    0
0:21:59     281    135    2
0:22:0     278    134    0
0:22:1     276    136    1
0:22:2     276    135    0
0:22:3     276    136    1
0:22:4     279    133    2
0:22:5     286    136    1
0:22:6     282    137    7
0:22:7     298    156    1
0:22:8     300    151    1
0:22:9     304    136    1
0:22:10     285    139    8
0:22:11     276    135    1
0:22:12     276    134    1
0:22:13     281    134    5
0:22:14     275    134    1
0:22:15     286    148    6
0:22:16     302    153    1
0:22:17     276    134    1
0:22:18     282    134    2
0:22:19     278    132    1
0:22:20     276    132    0
0:22:21     277    132    0
0:22:22     281    133    3
0:22:23     279    132    1
0:22:24     286    145    7
0:22:25     277    132    0
0:22:26     275    134    1
0:22:27     280    133    3
0:22:28     276    133    1
0:22:29     276    132    0
0:22:30     281    134    5
0:22:31     285    147    7
0:22:32     276    132    1
0:22:33     275    133    1
0:22:34     285    142    8
0:22:35     275    132    0
0:22:36     276    131    0
0:22:37     276    132    0
0:22:38     274    133    0
0:22:39     290    153    4
0:22:40     278    131    0
0:22:41     275    131    0
0:22:42     278    131    1
0:22:43     293    156    2
0:22:44     286    147    6
0:22:45     275    132    0
0:22:46     284    140    8
0:22:47     278    132    2
0:22:48     276    130    1
0:22:49     292    155    1
0:22:50     280    136    7
0:22:51     276    130    1
0:22:52     296    154    1
0:22:53     285    143    6
0:22:54     298    149    2

Co CO2, O2  