0:0:0     303    118    6
0:0:0     274    136    0
0:0:0     276    141    0
0:0:0     273    129    0
0:0:1     288    120    4
0:0:1     275    131    0
0:0:1     273    136    0
0:0:1     274    121    1
0:0:2     274    127    0
0:0:2     284    120    3
0:0:2     291    120    3
0:0:2     304    133    2
0:0:3     275    135    6
0:0:3     276    133    0
0:0:3     281    120    3
0:0:3     278    121    1
0:0:4     296    119    6
0:0:4     275    121    1
0:0:4     304    118    1
0:0:4     278    121    4
0:0:5     274    143    0
0:0:5     302    118    1
0:0:5     291    120    6
0:0:5     274    144    0
0:0:6     274    141    0
0:0:6     291    119    6
0:0:6     289    120    6
0:0:6     276    144    0
0:0:7     273    143    0
0:0:7     275    122    1
0:0:7     278    120    1
0:0:7     278    123    1
0:0:8     285    126    2
0:0:8     302    118    0
0:0:8     291    119    5
0:0:8     272    121    2
0:0:9     291    119    0
0:0:9     302    118    0
0:0:9     271    133    0
0:0:9     297    119    6
0:0:10     302    118    3
0:0:10     299    118    5
0:0:10     272    121    1
0:0:10     278    120    4
0:0:11     281    119    0
0:0:11     283    120    6
0:0:11     286    119    6
0:0:11     300    118    1
0:0:12     299    118    1
0:0:12     270    142    0
0:0:12     270    142    0
0:0:12     300    130    1
0:0:13     271    122    7
0:0:13     268    120    1
0:0:13     268    121    3
0:0:13     268    120    0
0:0:14     268    120    0
0:0:14     269    119    0
0:0:14     283    125    3
0:0:14     269    119    0
0:0:15     269    119    0
0:0:15     273    121    0
0:0:15     268    120    0
0:0:15     295    135    6
0:0:16     293    131    3
0:0:16     280    121    1
0:0:16     297    143    7
0:0:16     269    118    0
0:0:17     268    119    0
0:0:17     267    120    0
0:0:17     270    118    0
0:0:17     278    122    2
0:0:18     270    142    0
0:0:18     288    142    7
0:0:18     296    144    2
0:0:18     270    118    0
0:0:19     269    119    0
0:0:19     269    120    0
0:0:19     273    118    1
0:0:19     274    118    1
0:0:20     272    118    0
0:0:20     301    143    1
0:0:20     271    120    0
0:0:20     272    121    0
0:0:21     272    120    0
0:0:21     273    120    0
0:0:21     273    120    0
0:0:21     304    143    1
0:0:22     274    119    0
0:0:22     278    118    0
0:0:22     276    118    0
0:0:22     278    146    0
0:0:23     278    129    1
0:0:23     282    118    0
0:0:23     274    120    0
0:0:23     275    120    0
0:0:24     292    126    3
0:0:24     284    123    3
0:0:24     281    119    1
0:0:24     274    120    0
0:0:25     276    118    0
0:0:25     274    120    0
0:0:25     273    120    0
0:0:25     273    119    0
0:0:26     272    121    0
0:0:26     272    120    0
0:0:26     273    120    0
0:0:26     273    119    0
0:0:27     273    119    0
0:0:27     276    119    1
0:0:27     275    118    0
0:0:27     285    122    2
0:0:28     297    122    7
0:0:28     274    118    0
0:0:28     275    118    0
0:0:28     278    119    1
0:0:29     288    135    7
0:0:29     301    144    1
0:0:29     275    120    0
0:0:29     277    119    0
0:0:30     276    120    0
0:0:30     280    119    2
0:0:30     279    121    0
0:0:30     300    121    0
0:0:31     277    121    0
0:0:31     295    144    3
0:0:31     278    119    0
0:0:31     285    121    0
0:0:32     278    119    0
0:0:32     284    122    3
0:0:32     281    118    1
0:0:32     302    121    8
0:0:33     284    122    1
0:0:33     294    138    7
0:0:33     279    120    0
0:0:33     278    120    0
0:0:34     277    118    0
0:0:34     279    118    0
0:0:34     285    122    5
0:0:34     281    118    0
0:0:35     278    121    0
0:0:35     280    118    0
0:0:35     280    119    0
0:0:35     286    126    8
0:0:36     280    119    0
0:0:36     282    118    0
0:0:36     285    121    5
0:0:36     280    120    0
0:0:37     289    131    7
0:0:37     282    118    1
0:0:37     281    118    0
0:0:37     286    123    1
0:0:38     289    122    5
0:0:38     283    118    1
0:0:38     280    119    0
0:0:38     289    127    8
0:0:39     283    118    0
0:0:39     281    119    0
0:0:39     281    120    0
0:0:39     287    122    5
0:0:40     285    118    0
0:0:40     281    120    0
0:0:40     284    121    0
0:0:40     281    119    0
0:0:41     282    120    0
0:0:41     300    144    2
0:0:41     290    124    6
0:0:41     282    120    0
0:0:42     282    120    0
0:0:42     282    119    0
0:0:42     282    120    0
0:0:42     309    121    1
0:0:43     286    141    0
0:0:43     285    118    2
0:0:43     285    118    1
0:0:43     285    118    2
0:0:44     282    121    0
0:0:44     282    121    0
0:0:44     283    119    0
0:0:44     283    120    0
0:0:45     295    137    1
0:0:45     282    119    0
0:0:45     282    121    0
0:0:45     287    122    0
0:0:46     282    121    0
0:0:46     283    120    0
0:0:46     299    121    0
0:0:46     290    127    5
0:0:47     285    118    0
0:0:47     283    120    0
0:0:47     308    121    0
0:0:47     289    123    1
0:0:48     286    136    0
0:0:48     306    142    0
0:0:48     283    120    0
0:0:48     287    118    1
0:0:49     289    123    7
0:0:49     285    117    0
0:0:49     285    118    0
0:0:49     285    118    0
0:0:50     290    124    8
0:0:50     284    119    0
0:0:50     284    121    0
0:0:50     286    118    0
0:0:51     293    127    8
0:0:51     314    141    4
0:0:51     286    118    0
0:0:51     284    120    0
0:0:52     287    117    0
0:0:52     292    122    3
0:0:52     289    119    2
0:0:52     288    144    0
0:0:53     286    125    0
0:0:53     284    121    0
0:0:53     285    117    0
0:0:53     315    121    0
0:0:54     285    118    0
0:0:54     295    139    3
0:0:54     283    120    0
0:0:54     283    119    0
0:0:55     284    118    0
0:0:55     314    122    0
0:0:55     283    117    0
0:0:55     284    117    0
0:0:56     285    118    2
0:0:56     282    118    0
0:0:56     283    117    0
0:0:56     285    118    0
0:0:57     283    117    0
0:0:57     305    142    1
0:0:57     281    119    0
0:0:58     283    125    1
0:0:58     291    122    2
0:0:58     280    120    0
0:0:58     280    120    0
0:0:59     294    133    7
0:0:59     285    118    1
0:0:59     308    121    0
0:0:59     294    133    7
0:1:0     295    134    7
0:1:0     278    120    0
0:1:0     280    118    0
0:1:0     282    117    0
0:1:1     279    118    0
0:1:1     307    142    7
0:1:1     279    120    0
0:1:1     278    120    0
0:1:2     279    120    0
0:1:2     287    122    3
0:1:2     279    120    0
0:1:2     300    136    8
0:1:3     282    133    0
0:1:3     293    121    2
0:1:3     298    134    6
0:1:3     283    117    0
0:1:4     280    119    0
0:1:4     305    139    1
0:1:4     281    117    0
0:1:4     279    117    0
0:1:5     278    120    0
0:1:5     281    117    0
0:1:5     280    117    0
0:1:5     279    119    0
0:1:6     288    121    0
0:1:6     287    122    2
0:1:6     309    132    0
0:1:6     280    117    0
0:1:7     278    120    0
0:1:7     277    120    0
0:1:7     278    118    0
0:1:7     282    117    0
0:1:8     284    141    0
0:1:8     286    122    1
0:1:8     291    129    4
0:1:8     280    117    0
0:1:9     303    133    4
0:1:9     296    128    3
0:1:9     278    120    0
0:1:9     309    143    6
0:1:10     281    117    0
0:1:10     288    124    2
0:1:10     279    118    0
0:1:10     278    120    0
0:1:11     281    117    0
0:1:11     280    117    0
0:1:11     280    118    0
0:1:11     307    142    7
0:1:12     279    119    0
0:1:12     288    122    2
0:1:12     287    121    0
0:1:12     280    117    0
0:1:13     285    137    0
0:1:13     311    120    8
0:1:13     281    117    0
0:1:13     301    140    7
0:1:14     307    143    6
0:1:14     281    117    0
0:1:14     280    117    0
0:1:14     279    118    0
0:1:15     287    119    1
0:1:15     310    143    4
0:1:15     279    119    0
0:1:15     280    120    0
0:1:16     279    119    0
0:1:16     303    142    5
0:1:16     309    121    0
0:1:16     295    136    7
0:1:17     280    120    0
0:1:17     285    118    1
0:1:17     308    120    0
0:1:17     280    118    0
0:1:18     286    122    0
0:1:18     297    120    5
0:1:18     311    137    0
0:1:18     280    119    0
0:1:19     291    119    0
0:1:19     285    117    1
0:1:19     283    116    0
0:1:19     283    116    0
0:1:20     282    117    0
0:1:20     300    120    0
0:1:20     308    137    7
0:1:20     284    116    0
0:1:21     286    118    1
0:1:21     283    117    0
0:1:21     287    117    0
0:1:21     290    121    2
0:1:22     284    116    0
0:1:22     283    117    0
0:1:22     286    117    0
0:1:22     282    119    0
0:1:23     285    130    0
0:1:23     290    120    4
0:1:23     282    118    0
0:1:23     282    117    0
0:1:24     303    119    0
0:1:24     283    117    0
0:1:24     282    118    0
0:1:24     286    115    0
0:1:25     285    115    0
0:1:25     288    117    1
0:1:25     283    118    0
0:1:25     284    116    0
0:1:26     299    130    7
0:1:26     283    119    0
0:1:26     299    137    7
0:1:26     289    118    2
0:1:27     284    118    0
0:1:27     285    116    0
0:1:27     289    118    1
0:1:27     291    118    0
0:1:28     285    120    1
0:1:28     289    143    0
0:1:28     315    129    0
0:1:28     286    116    0
0:1:29     284    117    0
0:1:29     285    117    0
0:1:29     316    139    7
0:1:29     308    135    7
0:1:30     314    141    0
0:1:30     285    118    0
0:1:30     285    116    0
0:1:30     285    118    0
0:1:31     315    143    5
0:1:31     286    118    0
0:1:31     305    138    7
0:1:31     286    119    0
0:1:32     314    142    4
0:1:32     288    115    0
0:1:32     285    118    0
0:1:32     287    116    0
0:1:33     288    119    1
0:1:33     287    120    0
0:1:33     288    115    0
0:1:33     315    142    4
0:1:34     291    115    0
0:1:34     287    117    0
0:1:34     289    115    0
0:1:34     289    115    0
0:1:35     291    115    0
0:1:35     290    115    0
0:1:35     293    117    1
0:1:35     291    116    0
0:1:36     305    131    7
0:1:36     287    117    0
0:1:36     296    122    4
0:1:36     308    120    0
0:1:37     317    142    5
0:1:37     286    118    0
0:1:37     309    134    5
0:1:37     299    122    3
0:1:38     292    144    0
0:1:38     295    120    1
0:1:38     288    116    0
0:1:38     291    114    0
0:1:39     289    116    0
0:1:39     297    116    0
0:1:39     289    115    0
0:1:39     308    133    6
0:1:40     288    116    0
0:1:40     288    116    0
0:1:40     316    133    1
0:1:40     305    123    3
0:1:41     288    117    0
0:1:41     289    116    0
0:1:41     291    115    0
0:1:41     291    115    0
0:1:42     306    126    5
0:1:42     289    117    0
0:1:42     291    115    0
0:1:42     295    115    0
0:1:43     292    129    0
0:1:43     291    125    0
0:1:43     321    142    5
0:1:43     290    115    0
0:1:44     304    125    5
0:1:44     291    115    0
0:1:44     290    116    0
0:1:44     302    119    2
0:1:45     291    114    0
0:1:45     291    115    0
0:1:45     291    116    0
0:1:45     316    140    7
0:1:46     290    116    0
0:1:46     290    117    0
0:1:46     321    140    5
0:1:46     291    116    0
0:1:47     290    116    0
0:1:47     291    115    0
0:1:47     295    114    0
0:1:47     297    117    1
0:1:48     293    124    0
0:1:48     294    140    0
0:1:48     292    114    0
0:1:48     290    115    0
0:1:49     297    115    0
0:1:49     290    116    0
0:1:49     290    115    0
0:1:49     292    114    0
0:1:50     292    115    0
0:1:50     304    125    5
0:1:50     321    132    0
0:1:50     305    127    5
0:1:51     292    115    0
0:1:51     292    115    0
0:1:51     294    113    0
0:1:51     296    113    0
0:1:52     292    116    0
0:1:52     316    122    0
0:1:52     295    113    0
0:1:52     323    140    3
0:1:53     305    118    1
0:1:53     318    117    6
0:1:53     293    115    0
0:1:53     296    112    0
0:1:54     293    114    0
0:1:54     314    132    7
0:1:54     296    112    0
0:1:55     324    132    0
0:1:55     292    115    0
0:1:55     293    115    0
0:1:55     303    120    5
0:1:56     301    117    2
0:1:56     301    116    0
0:1:56     297    113    0
0:1:56     295    112    0
0:1:57     293    116    0
0:1:57     293    115    0
0:1:57     292    116    0
0:1:57     294    113    0
0:1:58     301    116    2
0:1:58     296    133    0
0:1:58     301    118    0
0:1:58     295    113    0
0:1:59     293    115    0
0:1:59     294    113    0
0:1:59     293    114    0
0:1:59     293    115    0
0:2:0     293    114    0
0:2:0     296    112    0
0:2:0     296    112    0
0:2:0     317    122    0
0:2:1     295    115    0
0:2:1     294    114    0
0:2:1     313    132    7
0:2:1     311    128    6
0:2:2     295    114    0
0:2:2     317    133    7
0:2:2     306    119    4
0:2:2     295    115    0
0:2:3     301    115    0
0:2:3     326    115    7
0:2:3     300    141    0
0:2:3     296    113    0
0:2:4     296    113    0
0:2:4     295    114    0
0:2:4     296    114    0
0:2:4     299    111    0
0:2:5     298    111    0
0:2:5     326    139    4
0:2:5     301    113    0
0:2:5     297    112    0
0:2:6     297    111    0
0:2:6     296    114    0
0:2:6     300    112    0
0:2:6     295    114    0
0:2:7     295    114    0
0:2:7     313    125    6
0:2:7     296    114    0
0:2:7     302    114    1
0:2:8     297    112    0
0:2:8     327    115    8
0:2:8     298    122    0
0:2:8     301    114    0
0:2:9     296    114    0
0:2:9     303    113    1
0:2:9     296    114    0
0:2:9     297    111    0
0:2:10     299    111    0
0:2:10     296    114    0
0:2:10     303    112    1
0:2:10     309    121    5
0:2:11     297    112    0
0:2:11     297    113    0
0:2:11     309    120    5
0:2:11     298    111    0
0:2:12     297    113    0
0:2:12     299    114    0
0:2:12     297    113    0
0:2:12     297    113    0
0:2:13     300    111    0
0:2:13     300    116    0
0:2:13     300    115    0
0:2:13     305    113    0
0:2:14     301    114    0
0:2:14     302    110    0
0:2:14     314    114    0
0:2:14     302    110    0
0:2:15     328    114    0
0:2:15     307    114    2
0:2:15     314    121    6
0:2:15     325    137    7
0:2:16     312    119    4
0:2:16     305    111    0
0:2:16     299    112    0
0:2:16     312    122    5
0:2:17     311    120    4
0:2:17     305    115    4
0:2:17     299    112    0
0:2:17     300    111    0
0:2:18     299    112    0
0:2:18     324    113    5
0:2:18     318    114    5
0:2:18     299    112    0
0:2:19     299    112    0
0:2:19     300    110    0
0:2:19     300    110    0
0:2:19     300    112    0
0:2:20     300    111    0
0:2:20     301    109    0
0:2:20     314    128    7
0:2:20     320    113    0
0:2:21     299    110    0
0:2:21     301    110    0
0:2:21     299    113    0
0:2:21     300    110    0
0:2:22     298    112    0
0:2:22     299    112    0
0:2:22     300    110    0
0:2:22     316    113    0
0:2:23     300    113    0
0:2:23     330    113    7
0:2:23     301    120    0
0:2:23     317    113    0
0:2:24     300    112    0
0:2:24     300    112    0
0:2:24     302    110    0
0:2:24     301    112    0
0:2:25     301    111    0
0:2:25     300    111    0
0:2:25     304    109    0
0:2:25     314    120    5
0:2:26     325    132    7
0:2:26     302    111    0
0:2:26     302    109    0
0:2:26     305    110    0
0:2:27     301    112    0
0:2:27     330    137    4
0:2:27     301    112    0
0:2:27     303    109    0
0:2:28     301    111    0
0:2:28     305    133    0
0:2:28     315    113    3
0:2:28     303    110    0
0:2:29     302    112    0
0:2:29     305    109    0
0:2:29     305    110    0
0:2:29     302    111    0
0:2:30     315    119    6
0:2:30     310    112    1
0:2:30     302    111    0
0:2:30     302    111    0
0:2:31     306    109    0
0:2:31     302    112    0
0:2:31     302    112    0
0:2:31     302    113    0
0:2:32     305    109    0
0:2:32     331    137    3
0:2:32     308    111    1
0:2:32     303    110    0
0:2:33     309    112    1
0:2:33     326    113    5
0:2:33     315    114    2
0:2:33     329    134    7
0:2:34     314    116    4
0:2:34     303    111    0
0:2:34     305    109    0
0:2:34     303    113    0
0:2:35     304    111    0
0:2:35     304    111    0
0:2:35     303    112    0
0:2:35     307    109    0
0:2:36     320    126    7
0:2:36     304    110    0
0:2:36     304    111    0
0:2:36     326    131    7
0:2:37     303    112    0
0:2:37     303    112    0
0:2:37     311    111    1
0:2:37     304    111    0
0:2:38     304    111    0
0:2:38     310    133    0
0:2:38     306    126    0
0:2:38     335    128    0
0:2:39     304    112    0
0:2:39     306    109    0
0:2:39     303    112    0
0:2:39     307    109    0
0:2:40     303    112    0
0:2:40     303    112    0
0:2:40     304    112    0
0:2:40     309    109    0
0:2:41     331    136    7
0:2:41     309    110    0
0:2:41     304    110    0
0:2:41     304    112    0
0:2:42     306    109    0
0:2:42     308    109    0
0:2:42     305    111    0
0:2:42     304    112    0
0:2:43     305    112    0
0:2:43     336    113    8
0:2:43     328    113    7
0:2:43     333    137    2
0:2:44     336    121    0
0:2:44     306    110    0
0:2:44     307    109    0
0:2:44     305    111    0
0:2:45     310    110    0
0:2:45     312    113    1
0:2:45     318    116    4
0:2:45     306    111    0
0:2:46     306    112    0
0:2:46     331    133    7
0:2:46     306    112    0
0:2:46     316    116    4
0:2:47     305    112    0
0:2:47     309    109    0
0:2:47     337    135    1
0:2:47     305    112    0
0:2:48     317    118    3
0:2:48     311    139    0
0:2:48     310    139    0
0:2:48     311    110    0
0:2:49     314    112    1
0:2:49     306    110    0
0:2:49     309    109    0
0:2:49     308    113    0
0:2:50     306    111    0
0:2:50     308    109    0
0:2:50     306    112    0
0:2:50     307    110    0
0:2:51     314    112    1
0:2:51     311    109    0
0:2:51     309    109    0
0:2:52     310    109    0
0:2:52     307    111    0
0:2:52     317    116    4
0:2:52     308    110    0
0:2:53     307    112    0
0:2:53     318    118    4
0:2:53     309    118    0
0:2:53     311    138    0
0:2:54     329    125    6
0:2:54     309    109    0
0:2:54     308    111    0
0:2:54     316    112    1
0:2:55     310    112    0
0:2:55     316    114    1
0:2:55     336    136    2
0:2:55     313    110    0
0:2:56     312    109    0
0:2:56     338    137    3
0:2:56     315    112    1
0:2:56     324    123    6
0:2:57     337    137    3
0:2:57     311    109    0
0:2:57     338    130    0
0:2:57     309    110    0
0:2:58     309    111    0
0:2:58     308    111    0
0:2:58     329    113    4
0:2:58     310    114    0
0:2:59     308    112    0
0:2:59     309    111    0
0:2:59     308    112    0
0:2:59     309    111    0
0:3:0     309    112    0
0:3:0     312    109    0
0:3:0     315    111    1
0:3:0     309    112    0
0:3:1     321    116    3
0:3:1     336    137    7
0:3:1     309    112    0
0:3:1     320    118    4
0:3:2     311    110    0
0:3:2     331    113    0
0:3:2     314    110    0
0:3:2     315    111    1
0:3:3     311    110    0
0:3:3     336    136    5
0:3:3     312    122    0
0:3:3     342    113    8
0:3:4     309    111    0
0:3:4     309    112    0
0:3:4     332    131    7
0:3:4     321    116    4
0:3:5     310    111    0
0:3:5     331    129    7
0:3:5     320    115    3
0:3:5     311    110    0
0:3:6     341    134    0
0:3:6     309    113    0
0:3:6     309    113    0
0:3:6     314    110    0
0:3:7     310    112    0
0:3:7     341    131    1
0:3:7     310    112    0
0:3:7     312    110    0
0:3:8     317    112    1
0:3:8     317    111    0
0:3:8     317    133    0
0:3:8     312    113    0
0:3:9     311    112    0
0:3:9     323    119    4
0:3:9     309    112    0
0:3:9     339    137    6
0:3:10     310    112    0
0:3:10     310    112    0
0:3:10     315    109    0
0:3:10     310    112    0
0:3:11     315    109    0
0:3:11     311    111    0
0:3:11     311    111    0
0:3:11     311    112    0
0:3:12     329    113    0
0:3:12     314    109    0
0:3:12     324    117    5
0:3:12     312    110    0
0:3:13     340    124    0
0:3:13     311    112    0
0:3:13     335    113    5
0:3:13     321    114    1
0:3:14     316    109    0
0:3:14     312    113    0
0:3:14     312    112    0
0:3:14     338    133    7
0:3:15     312    112    0
0:3:15     312    113    0
0:3:15     312    112    0
0:3:15     312    112    0
0:3:16     312    112    0
0:3:16     312    112    0
0:3:16     341    113    0
0:3:16     315    109    0
0:3:17     311    113    0
0:3:17     317    110    0
0:3:17     312    112    0
0:3:17     313    111    0
0:3:18     314    110    0
0:3:18     323    118    6
0:3:18     339    113    6
0:3:18     314    113    0
0:3:19     312    112    0
0:3:19     312    111    0
0:3:19     333    126    7
0:3:19     312    112    0
0:3:20     313    111    0
0:3:20     316    109    0
0:3:20     317    110    0
0:3:20     313    111    0
0:3:21     314    110    0
0:3:21     326    116    4
0:3:21     322    113    2
0:3:21     313    113    0
0:3:22     315    110    0
0:3:22     338    120    0
0:3:22     329    125    7
0:3:22     313    112    0
0:3:23     325    115    3
0:3:23     317    109    0
0:3:23     316    132    0
0:3:23     315    113    0
0:3:24     313    112    0
0:3:24     315    110    0
0:3:24     345    131    0
0:3:24     315    111    0
0:3:25     313    112    0
0:3:25     314    113    0
0:3:25     316    110    0
0:3:25     320    110    0
0:3:26     315    111    0
0:3:26     316    110    0
0:3:26     316    110    0
0:3:26     314    111    0
0:3:27     314    112    0
0:3:27     314    112    0
0:3:27     319    112    0
0:3:27     321    113    0
0:3:28     315    111    0
0:3:28     346    135    2
0:3:28     327    114    1
0:3:28     329    114    3
0:3:29     315    112    0
0:3:29     316    111    0
0:3:29     314    112    0
0:3:29     314    112    0
0:3:30     341    113    0
0:3:30     314    112    0
0:3:30     316    110    0
0:3:30     317    110    0
0:3:31     331    113    0
0:3:31     321    110    0
0:3:31     315    112    0
0:3:31     317    109    0
0:3:32     315    111    0
0:3:32     314    112    0
0:3:32     317    110    0
0:3:32     325    115    4
0:3:33     315    112    0
0:3:33     327    119    6
0:3:33     326    114    1
0:3:33     317    114    0
0:3:34     315    112    0
0:3:34     316    111    0
0:3:34     316    111    0
0:3:34     321    110    0
0:3:35     321    110    0
0:3:35     320    110    0
0:3:35     336    113    0
0:3:35     345    137    5
0:3:36     318    110    0
0:3:36     320    109    0
0:3:36     323    111    0
0:3:36     318    109    0
0:3:37     316    112    0
0:3:37     321    110    0
0:3:37     344    137    3
0:3:37     318    110    0
0:3:38     315    111    0
0:3:38     316    111    0
0:3:38     333    113    3
0:3:38     318    114    0
0:3:39     318    110    0
0:3:39     318    109    0
0:3:39     318    110    0
0:3:39     320    110    0
0:3:40     317    110    0
0:3:40     315    112    0
0:3:40     316    111    0
0:3:40     320    109    0
0:3:41     320    109    0
0:3:41     340    136    5
0:3:41     316    111    0
0:3:41     321    110    0
0:3:42     338    129    6
0:3:42     318    110    0
0:3:42     316    112    0
0:3:42     316    111    0
0:3:43     319    109    0
0:3:43     316    113    0
0:3:43     319    123    0
0:3:43     320    138    0
0:3:44     316    111    0
0:3:44     320    109    0
0:3:44     317    111    0
0:3:44     318    110    0
0:3:45     317    112    0
0:3:45     326    113    3
0:3:45     318    110    0
0:3:45     323    111    1
0:3:46     317    112    0
0:3:46     318    111    0
0:3:46     316    112    0
0:3:46     325    112    4
0:3:47     317    112    0
0:3:47     323    110    0
0:3:47     321    109    0
0:3:47     320    110    0
0:3:48     351    133    0
0:3:48     333    119    4
0:3:48     347    113    7
0:3:49     325    113    1
0:3:49     323    109    0
0:3:49     330    113    0
0:3:49     321    112    0
0:3:50     332    113    0
0:3:50     353    137    4
0:3:50     325    110    0
0:3:50     327    110    0
0:3:51     326    111    0
0:3:51     328    109    0
0:3:51     339    121    6
0:3:51     328    110    0
0:3:52     330    109    0
0:3:52     356    135    7
0:3:52     356    125    0
0:3:52     336    111    0
0:3:53     328    112    0
0:3:53     360    132    1
0:3:53     358    135    7
0:3:53     336    116    0
0:3:54     332    128    0
0:3:54     347    123    7
0:3:54     329    112    0
0:3:54     360    135    4
0:3:55     334    109    0
0:3:55     330    112    0
0:3:55     330    111    0
0:3:55     334    110    0
0:3:56     335    109    0
0:3:56     341    114    1
0:3:56     342    113    2
0:3:56     332    111    0
0:3:57     335    109    0
0:3:57     340    112    1
0:3:57     345    114    1
0:3:57     332    111    0
0:3:58     364    136    6
0:3:58     332    112    0
0:3:58     334    110    0
0:3:58     334    117    0
0:3:59     353    113    1
0:3:59     333    112    0
0:3:59     365    135    6
0:3:59     334    111    0
0:4:0     336    110    0
0:4:0     339    109    0
0:4:0     353    131    4
0:4:0     360    127    3
0:4:1     334    112    0
0:4:1     334    111    0
0:4:1     335    111    0
0:4:1     333    113    0
0:4:2     359    126    3
0:4:2     335    112    0
0:4:2     335    112    0
0:4:2     337    110    0
0:4:3     335    112    0
0:4:3     337    118    1
0:4:3     343    111    0
0:4:3     360    113    2
0:4:4     350    113    7
0:4:4     338    110    0
0:4:4     339    109    0
0:4:4     336    111    0
0:4:5     339    113    0
0:4:5     336    111    0
0:4:5     341    110    0
0:4:5     336    112    0
0:4:6     337    111    0
0:4:6     335    113    0
0:4:6     338    110    0
0:4:6     339    109    0
0:4:7     337    111    0
0:4:7     340    109    0
0:4:7     358    120    4
0:4:7     336    113    0
0:4:8     338    111    0
0:4:8     346    111    0
0:4:8     341    109    0
0:4:8     339    114    1
0:4:9     369    112    7
0:4:9     337    113    0
0:4:9     338    110    0
0:4:9     366    135    6
0:4:10     343    109    0
0:4:10     339    110    0
0:4:10     337    113    0
0:4:10     338    111    0
0:4:11     345    110    0
0:4:11     338    111    0
0:4:11     340    110    0
0:4:11     342    109    0
0:4:12     356    128    2
0:4:12     363    136    5
0:4:12     364    128    4
0:4:12     340    110    0
0:4:13     352    114    1
0:4:13     342    109    0
0:4:13     338    112    0
0:4:13     371    113    6
0:4:14     352    114    0
0:4:14     339    113    0
0:4:14     348    111    0
0:4:14     372    138    7
0:4:15     342    110    0
0:4:15     339    112    0
0:4:15     339    112    0
0:4:15     342    110    0
0:4:16     339    112    0
0:4:16     340    112    0
0:4:16     343    110    0
0:4:16     354    114    1
0:4:17     342    110    0
0:4:17     343    110    0
0:4:17     372    132    7
0:4:17     362    124    3
0:4:18     346    109    0
0:4:18     358    117    2
0:4:18     343    110    0
0:4:18     345    138    0
0:4:19     361    114    2
0:4:19     345    109    0
0:4:19     340    112    0
0:4:19     348    111    0
0:4:20     341    112    0
0:4:20     346    110    0
0:4:20     342    112    0
