0:0:0     545    418    0
0:0:1     545    418    0
0:0:2     558    421    0
0:0:3     545    418    0
0:0:4     545    418    0
0:0:5     543    418    0
0:0:6     544    418    0
0:0:7     549    423    0
0:0:8     544    418    0
0:0:9     544    418    0
0:0:10     544    417    0
0:0:11     544    418    0
0:0:12     570    422    1
0:0:13     544    418    0
0:0:14     543    418    0
0:0:15     543    418    0
0:0:16     543    418    0
0:0:17     583    422    1
0:0:18     543    418    0
0:0:19     543    418    0
0:0:20     539    418    0
0:0:21     538    418    0
0:0:22     536    417    0
0:0:23     535    418    0
0:0:24     533    418    0
0:0:25     531    418    0
0:0:26     529    418    0
0:0:27     528    418    0
0:0:28     529    418    0
0:0:29     528    418    0
0:0:30     528    418    0
0:0:31     527    418    0
0:0:32     527    418    0
0:0:33     527    418    0
0:0:34     526    418    0
0:0:35     527    418    0
0:0:36     527    418    0
0:0:37     527    418    0
0:0:38     527    418    0
0:0:39     528    418    0
0:0:40     527    418    0
0:0:41     527    418    0
0:0:42     527    418    0
0:0:43     527    418    0
0:0:44     527    418    0
0:0:45     527    418    0
0:0:46     527    418    0
0:0:47     527    418    0
0:0:48     529    418    0
0:0:49     528    418    0
0:0:50     528    418    0
0:0:51     528    418    0
0:0:52     527    418    0
0:0:53     529    417    0
0:0:54     529    418    0
0:0:55     529    418    0
0:0:56     529    418    0
0:0:57     530    418    0
0:0:58     530    418    0
0:0:59     530    418    0
0:1:0     530    417    0
0:1:1     530    418    0
0:1:2     531    418    0
0:1:3     532    418    0
0:1:4     531    418    0
0:1:5     531    418    0
0:1:6     531    418    0
0:1:7     532    418    0
0:1:8     533    418    0
0:1:9     533    417    0
0:1:10     532    417    0
0:1:11     533    418    0
0:1:12     534    418    0
0:1:13     535    418    0
0:1:14     535    418    0
0:1:15     535    417    0
0:1:16     536    417    0
0:1:17     536    417    0
0:1:18     537    417    0
0:1:19     537    417    0
0:1:20     536    417    0
0:1:21     536    417    0
0:1:22     537    417    0
0:1:23     538    417    0
0:1:24     538    418    0
0:1:25     539    417    0
0:1:26     539    417    0
0:1:27     539    417    0
0:1:28     540    417    0
0:1:29     541    418    0
0:1:30     541    417    0
0:1:31     541    417    0
0:1:32     541    417    0
0:1:33     542    417    0
0:1:34     542    418    0
0:1:35     542    418    0
0:1:36     543    418    0
0:1:37     543    418    0
0:1:38     544    418    0
0:1:39     544    417    0
0:1:40     544    418    0
0:1:41     544    417    0
0:1:42     543    417    0
0:1:43     556    414    0
0:1:44     552    415    0
0:1:45     565    417    0
0:1:46     564    424    3
0:1:47     588    417    0
0:1:48     552    414    0
0:1:49     549    416    0
0:1:50     0    31    0
0:1:51     0    0    0
0:1:52     0    0    0
0:1:53     0    0    0
0:1:54     0    0    0
0:1:55     0    29    0
0:1:56     0    34    0
0:1:57     0    8    0
0:1:58     307    461    0
0:1:59     367    643    0
0:2:0     407    544    3
0:2:1     460    472    0
0:2:2     505    361    0
0:2:3     519    397    0
0:2:4     528    497    0
0:2:5     534    531    0
0:2:6     543    470    2
0:2:7     545    342    3
0:2:8     570    291    0
0:2:9     555    345    0
0:2:10     544    456    0
0:2:11     567    513    0
0:2:12     556    452    0
0:2:13     551    324    5
0:2:14     564    283    0
0:2:15     574    336    0
0:2:16     555    464    0
0:2:17     553    497    5
0:2:18     551    13    4
0:2:19     560    64    0
0:2:20     547    57    0
0:2:21     553    55    5
0:2:22     572    57    0
0:2:23     565    67    0
0:2:24     551    82    1
0:2:25     579    85    0
0:2:26     578    86    0
0:2:27     577    85    0
0:2:28     554    82    4
0:2:29     580    99    0
0:2:30     554    96    1
0:2:31     564    111    0
0:2:32     557    96    4
0:2:33     556    96    4
0:2:34     553    105    0
0:2:35     558    103    4
0:2:36     555    103    4
0:2:37     552    105    0
0:2:38     575    106    0
0:2:39     556    107    0
0:2:40     555    107    0
0:2:41     570    109    0
0:2:42     555    109    0
0:2:43     556    108    0
0:2:44     567    114    0
0:2:45     569    122    0
0:2:46     577    111    0
0:2:47     576    125    0
0:2:48     564    108    4
0:2:49     573    128    0
0:2:50     557    111    0
0:2:51     558    111    0
0:2:52     581    112    0
0:2:53     562    109    1
0:2:54     586    112    0
0:2:55     560    109    0
0:2:56     563    112    0
0:2:57     566    111    1
0:2:58     559    112    0
0:2:59     560    111    0
0:3:0     570    113    0
0:3:1     560    112    0
0:3:2     560    111    0
0:3:3     566    110    5
0:3:4     589    112    0
0:3:5     585    113    0
0:3:6     563    110    0
0:3:7     563    110    0
0:3:8     567    109    5
0:3:9     576    127    0
0:3:10     576    118    0
0:3:11     571    111    0
0:3:12     564    110    0
0:3:13     586    119    0
0:3:14     594    113    0
0:3:15     566    111    0
0:3:16     589    113    0
0:3:17     592    113    0
0:3:18     586    116    0
0:3:19     572    415    0
0:3:20     603    416    0
0:3:21     598    416    0
0:3:22     575    420    0
0:3:23     569    413    1
0:3:24     590    416    0
0:3:25     577    419    0
0:3:26     567    415    0
0:3:27     567    414    0
0:3:28     584    436    0
0:3:29     604    416    0
0:3:30     587    434    0
0:3:31     602    416    0
0:3:32     569    414    0
0:3:33     578    418    0
0:3:34     594    416    0
0:3:35     597    416    0
0:3:36     568    416    0
0:3:37     570    414    0
0:3:38     571    427    0
0:3:39     569    416    0
0:3:40     588    416    0
0:3:41     579    417    0
0:3:42     578    414    0
0:3:43     574    440    0
0:3:44     581    424    0
0:3:45     604    416    0
0:3:46     571    414    0
0:3:47     573    413    0
0:3:48     576    419    1
0:3:49     571    415    0
0:3:50     571    416    0
0:3:51     593    416    0
0:3:52     584    423    0
0:3:53     581    417    6
0:3:54     590    439    0
0:3:55     575    413    1
0:3:56     579    414    0
0:3:57     574    413    2
0:3:58     594    415    0
0:3:59     573    414    0
0:4:0     602    416    0
0:4:1     575    414    0
0:4:2     585    417    0
0:4:3     593    416    0
0:4:4     579    413    5
0:4:5     583    416    4
0:4:6     579    413    0
0:4:7     578    413    0
0:4:8     598    416    0
0:4:9     592    431    0
0:4:10     595    436    0
0:4:11     608    416    0
0:4:12     593    438    0
0:4:13     576    427    0
0:4:14     581    413    1
0:4:15     588    415    2
0:4:16     613    416    0
0:4:17     580    413    0
0:4:18     610    416    0
0:4:19     580    414    0
0:4:20     581    415    0
0:4:21     597    419    0
0:4:22     585    414    0
0:4:23     588    439    0
0:4:24     588    414    0
0:4:25     587    414    0
0:4:26     587    415    0
0:4:27     589    415    0
0:4:28     592    435    0
0:4:29     595    414    2
0:4:30     592    413    0
0:4:31     621    415    0
0:4:32     594    413    0
0:4:33     593    429    0
0:4:34     611    431    0
0:4:35     591    416    0
0:4:36     600    414    3
0:4:37     593    413    0
0:4:38     592    420    0
0:4:39     593    414    0
0:4:40     594    413    0
0:4:41     602    420    0
0:4:42     597    413    0
0:4:43     595    436    0
0:4:44     592    415    0
0:4:45     591    415    0
0:4:46     616    416    0
0:4:47     608    438    0
0:4:48     602    417    4
0:4:49     592    413    0
0:4:50     592    413    0
0:4:51     595    413    2
0:4:52     589    415    0
0:4:53     609    416    0
0:4:54     604    429    0
0:4:55     593    416    0
0:4:56     608    434    0
0:4:57     618    416    0
0:4:58     590    437    0
0:4:59     587    414    0
0:5:0     593    414    4
0:5:1     605    437    0
0:5:2     582    415    0
0:5:3     587    421    0
0:5:4     578    415    0
0:5:5     577    413    0
0:5:6     579    413    4
0:5:7     573    413    0
0:5:8     591    416    0
0:5:9     598    416    0
0:5:10     589    416    0
0:5:11     585    416    0
0:5:12     575    418    0
0:5:13     575    417    4
0:5:14     565    413    0
0:5:15     575    436    0
0:5:16     562    413    0
0:5:17     596    416    0
0:5:18     578    416    4
0:5:19     575    437    0
0:5:20     574    415    0
0:5:21     560    414    0
0:5:22     570    423    0
0:5:23     580    418    0
0:5:24     563    413    0
0:5:25     571    418    0
0:5:26     559    415    0
0:5:27     560    413    0
0:5:28     574    417    4
0:5:29     560    415    0
0:5:30     564    415    0
0:5:31     561    414    0
0:5:32     560    414    0
0:5:33     580    417    5
0:5:34     595    416    0
0:5:35     561    413    322
0:5:36     585    417    391
0:5:37     564    413    411
0:5:38     593    417    396
0:5:39     566    413    396
0:5:40     572    422    404
0:5:41     560    415    413
0:5:42     561    414    416
0:5:43     566    421    412
0:5:44     582    447    399
0:5:45     563    415    396
0:5:46     592    418    404
0:5:47     577    418    412
0:5:48     585    421    425
0:5:49     601    417    411
0:5:50     564    416    408
0:5:51     588    418    404
0:5:52     601    417    404
0:5:53     589    421    417
0:5:54     567    414    413
0:5:55     576    437    409
0:5:56     568    414    420
0:5:57     565    416    408
0:5:58     574    424    412
0:5:59     566    415    412
0:6:0     575    427    410
0:6:1     573    418    408
0:6:2     577    425    406
0:6:3     576    424    411
0:6:4     586    434    407
0:6:5     583    447    408
0:6:6     572    415    410
0:6:7     566    417    405
0:6:8     581    425    425
0:6:9     579    416    421
0:6:10     608    417    410
0:6:11     576    415    419
0:6:12     578    415    431
0:6:13     569    415    413
0:6:14     567    417    404
0:6:15     568    416    403
0:6:16     579    414    417
0:6:17     580    414    423
0:6:18     601    418    413
0:6:19     587    417    421
0:6:20     577    413    0
0:6:21     590    424    4
0:6:22     567    416    0
0:6:23     590    422    4
0:6:24     591    422    5
0:6:25     605    421    0
0:6:26     570    415    0
0:6:27     568    416    0
0:6:28     580    414    0
0:6:29     580    414    0
0:6:30     572    415    0
0:6:31     570    416    0
0:6:32     577    414    0
0:6:33     571    415    0
0:6:34     574    414    0
0:6:35     575    414    0
0:6:36     584    417    0
0:6:37     589    417    0
0:6:38     578    413    0
0:6:39     571    415    0
0:6:40     595    431    5
0:6:41     590    419    2
0:6:42     571    416    0
0:6:43     576    414    0
0:6:44     581    413    0
0:6:45     572    415    0
0:6:46     572    415    0
0:6:47     576    414    0
0:6:48     578    413    0
0:6:49     590    419    4
0:6:50     583    414    0
0:6:51     607    417    0
0:6:52     572    415    0
0:6:53     583    414    0
0:6:54     573    415    0
0:6:55     587    415    1
0:6:56     575    414    0
0:6:57     585    414    0
0:6:58     583    414    0
0:6:59     576    414    0
0:7:0     574    415    0
0:7:1     581    413    0
0:7:2     576    414    0
0:7:3     592    421    4
0:7:4     577    414    0
0:7:5     574    415    0
0:7:6     575    415    0
0:7:7     584    413    0
0:7:8     581    413    0
0:7:9     576    415    0
0:7:10     609    439    0
0:7:11     604    437    3
0:7:12     574    417    0
0:7:13     576    414    0
0:7:14     574    415    0
0:7:15     574    416    0
0:7:16     573    416    0
0:7:17     577    414    0
0:7:18     588    415    1
0:7:19     573    416    0
0:7:20     573    416    0
0:7:21     599    417    0
0:7:22     607    416    0
0:7:23     579    414    0
0:7:24     576    415    0
0:7:25     577    414    0
0:7:26     574    416    0
0:7:27     575    416    0
0:7:28     574    416    0
0:7:29     580    413    0
0:7:30     578    414    0
0:7:31     610    434    0
0:7:32     579    414    0
0:7:33     605    417    0
0:7:34     590    416    2
0:7:35     584    413    0
0:7:36     578    414    0
0:7:37     577    415    0
0:7:38     578    414    0
0:7:39     575    416    0
0:7:40     581    413    0
0:7:41     581    413    0
0:7:42     610    416    0
0:7:43     578    415    0
0:7:44     579    414    0
0:7:45     579    414    0
0:7:46     593    417    3
0:7:47     574    416    0
0:7:48     612    417    0
0:7:49     595    421    4
0:7:50     574    416    0
0:7:51     578    414    0
0:7:52     599    429    4
0:7:53     579    415    0
0:7:54     583    414    0
0:7:55     604    434    3
0:7:56     602    428    5
0:7:57     576    416    0
0:7:58     581    415    0
0:7:59     576    416    0
0:8:0     596    417    0
0:8:1     581    417    0

CO, CO2, O2