0:0:0     154    131    0
0:0:1     158    132    0
0:0:2     153    146    0
0:0:3     154    138    0
0:0:4     152    131    0
0:0:5     153    144    0
0:0:6     157    133    0
0:0:7     155    132    0
0:0:8     163    132    0
0:0:9     152    133    0
0:0:10     152    133    0
0:0:11     148    132    0
0:0:12     149    147    0
0:0:13     148    131    0
0:0:14     149    143    0
0:0:15     147    142    0
0:0:16     146    132    0
0:0:17     147    140    0
0:0:18     146    131    0
0:0:19     148    139    0
0:0:20     145    131    0
0:0:21     147    145    0
0:0:22     149    133    0
0:0:23     145    131    0
0:0:24     144    131    0
0:0:25     144    131    0
0:0:26     144    132    0
0:0:27     144    138    0
0:0:28     143    132    0
0:0:29     156    133    0
0:0:30     143    132    0
0:0:31     142    132    0
0:0:32     148    133    0
0:0:33     143    137    0
0:0:34     142    132    0
0:0:35     143    147    0
0:0:36     143    134    0
0:0:37     145    133    0
0:0:38     141    132    0
0:0:39     141    132    0
0:0:40     141    143    0
0:0:41     140    132    0
0:0:42     141    144    0
0:0:43     140    132    0
0:0:44     141    134    0
0:0:45     155    133    0
0:0:46     140    132    0
0:0:47     141    139    0
0:0:48     140    132    0
0:0:49     139    132    0
0:0:50     144    133    0
0:0:51     155    133    0
0:0:52     141    134    0
0:0:53     143    133    0
0:0:54     147    133    0
0:0:55     140    135    0
0:0:56     138    133    0
0:0:57     140    134    0
0:0:58     142    133    0
0:0:59     138    132    19
0:1:0     138    133    0
0:1:1     136    132    0
0:1:2     139    134    0
0:1:3     138    131    0
0:1:4     137    132    0
0:1:5     138    133    0
0:1:6     137    133    0
0:1:7     139    134    0
0:1:8     137    131    0
0:1:9     137    132    0
0:1:10     138    132    0
0:1:11     138    133    0
0:1:12     139    134    0
0:1:13     136    133    0
0:1:14     137    131    0
0:1:15     136    133    0
0:1:16     138    133    0
0:1:17     137    137    0
0:1:18     137    132    0
0:1:19     135    132    0
0:1:20     136    132    0
0:1:21     142    133    0
0:1:22     136    134    0
0:1:23     136    132    0
0:1:24     135    132    0
0:1:25     135    133    0
0:1:26     135    133    0
0:1:27     140    134    0
0:1:28     140    146    0
0:1:29     135    132    137
0:1:30     135    132    179
0:1:31     139    143    169
0:1:32     136    147    186
0:1:33     146    134    185
0:1:34     137    133    185
0:1:35     136    133    182
0:1:36     134    133    119
0:1:37     136    143    0
0:1:38     134    133    0
0:1:39     135    133    0
0:1:40     139    144    0
0:1:41     139    146    0
0:1:42     142    134    0
0:1:43     134    133    0
0:1:44     139    147    0
0:1:45     134    133    0
0:1:46     148    134    0
0:1:47     136    145    0
0:1:48     144    134    0
0:1:49     144    134    0
0:1:50     134    133    0
0:1:51     134    133    0
0:1:52     135    136    0
0:1:53     138    145    0
0:1:54     133    134    0
0:1:55     140    146    0
0:1:56     136    135    0
0:1:57     136    140    0
0:1:58     135    133    0
0:1:59     134    133    0
0:2:0     133    133    0
0:2:1     133    133    0
0:2:2     136    138    0
0:2:3     146    134    0
0:2:4     133    134    0
0:2:5     134    132    0
0:2:6     133    133    0
0:2:7     137    140    0
0:2:8     135    134    0
0:2:9     134    133    0
0:2:10     133    134    0
0:2:11     134    132    0
0:2:12     142    148    0
0:2:13     133    133    0
0:2:14     133    133    0
0:2:15     137    137    0
0:2:16     137    143    0
0:2:17     145    149    0
0:2:18     136    138    0
0:2:19     137    144    0
0:2:20     134    133    0
0:2:21     133    134    0
0:2:22     143    134    0
0:2:23     137    144    0
0:2:24     133    133    0
0:2:25     133    133    0
0:2:26     137    140    0
0:2:27     132    133    0
0:2:28     133    134    0
0:2:29     139    147    0
0:2:30     137    145    0
0:2:31     133    134    0
0:2:32     144    134    0
0:2:33     133    133    0
0:2:34     135    135    0
0:2:35     138    145    0
0:2:36     139    146    0
0:2:37     132    134    0
0:2:38     133    132    0
0:2:39     143    135    0
0:2:40     135    133    0
0:2:41     145    134    0
0:2:42     141    134    0
0:2:43     134    133    0
0:2:44     134    132    0
0:2:45     147    134    0
0:2:46     130    134    0
0:2:47     138    146    0
0:2:48     133    133    0
0:2:49     133    134    0
0:2:50     132    133    0
0:2:51     148    134    0
0:2:52     133    133    0
0:2:53     132    134    0
0:2:54     133    132    0
0:2:55     134    133    0
0:2:56     132    133    0
0:2:57     137    138    0
0:2:58     145    134    0
0:2:59     135    134    0
0:3:0     135    135    0
0:3:1     147    134    0
0:3:2     132    134    0
0:3:3     132    133    0
0:3:4     132    134    0
0:3:5     132    134    0
0:3:6     135    141    0
0:3:7     133    133    0
0:3:8     147    134    0
0:3:9     132    133    0
0:3:10     142    134    0
0:3:11     135    144    0
0:3:12     133    133    0
0:3:13     138    144    0
0:3:14     133    133    0
0:3:15     141    134    0
0:3:16     133    132    0
0:3:17     132    134    0
0:3:18     147    134    0
0:3:19     130    134    0
0:3:20     128    133    0
0:3:21     130    136    0
0:3:22     126    133    0
0:3:23     126    134    0
0:3:24     126    134    0
0:3:25     133    145    0
0:3:26     126    133    0
0:3:27     126    134    0
0:3:28     126    133    0
0:3:29     130    142    0
0:3:30     131    140    0
0:3:31     128    133    0
0:3:32     127    134    0
0:3:33     141    133    0
0:3:34     197    136    0
0:3:35     261    136    0
0:3:36     305    136    0
0:3:37     354    142    0
0:3:38     385    143    0
0:3:39     402    139    0
0:3:40     432    140    0
0:3:41     443    140    0
0:3:42     470    144    0
0:3:43     486    148    0
0:3:44     498    186    0
0:3:45     487    185    0
0:3:46     491    185    0
0:3:47     482    187    0
0:3:48     485    185    0
0:3:49     475    315    0
0:3:50     476    314    0
0:3:51     472    315    0
0:3:52     454    314    0
0:3:53     444    314    0
0:3:54     420    414    0
0:3:55     380    412    0
0:3:56     352    412    0
0:3:57     336    421    0
0:3:58     308    413    0
0:3:59     295    424    0
0:4:0     272    413    0
0:4:1     267    411    0
0:4:2     268    418    0
0:4:3     272    413    0
0:4:4     263    422    0
0:4:5     251    412    0
0:4:6     251    411    0
0:4:7     248    412    1
0:4:8     258    425    1
0:4:9     250    411    0
0:4:10     245    412    0
0:4:11     246    411    1
0:4:12     247    413    0
0:4:13     250    414    0
0:4:14     249    414    0
0:4:15     244    411    0
0:4:16     242    412    0
0:4:17     251    424    0
0:4:18     246    413    0
0:4:19     247    413    0
0:4:20     246    414    0
0:4:21     247    424    0
0:4:22     247    423    0
0:4:23     234    412    0
0:4:24     252    413    0
0:4:25     251    413    0
0:4:26     241    416    0
0:4:27     250    413    0
0:4:28     238    412    0
0:4:29     233    412    1
0:4:30     242    422    1
0:4:31     236    412    0
0:4:32     247    413    0
0:4:33     284    413    0
0:4:34     318    411    0
0:4:35     373    411    0
0:4:36     431    412    0
0:4:37     505    412    0
0:4:38     562    412    0
0:4:39     588    412    0
0:4:40     620    412    0
0:4:41     647    412    0
0:4:42     672    412    0
0:4:43     710    412    0
0:4:44     721    411    0
0:4:45     759    421    0
0:4:46     747    412    0
0:4:47     763    412    0
0:4:48     780    412    0
0:4:49     789    413    0
0:4:50     801    412    0
0:4:51     831    411    0
0:4:52     837    411    0
0:4:53     852    411    0
0:4:54     847    413    0
0:4:55     857    413    0
0:4:56     868    413    0
0:4:57     886    412    0
0:4:58     913    413    0
0:4:59     895    412    0
0:5:0     916    412    0
0:5:1     938    424    0
0:5:2     912    412    0
0:5:3     916    413    0
0:5:4     943    414    0
0:5:5     952    412    0
0:5:6     928    413    0
0:5:7     973    422    0
0:5:8     957    411    0
0:5:9     953    412    0
0:5:10     975    412    0
0:5:11     968    412    0
0:5:12     958    413    0
0:5:13     991    414    0
0:5:14     964    412    0
0:5:15     996    412    0
0:5:16     969    413    0
0:5:17     983    412    0
0:5:18     1012    413    0
0:5:19     979    412    0
0:5:20     1017    424    0
0:5:21     984    412    0
0:5:22     982    413    0
0:5:23     1003    413    0
0:5:24     990    412    0
0:5:25     1023    414    0
0:5:26     991    412    0
0:5:27     1005    412    0
0:5:28     1021    414    0
0:5:29     1023    414    0
0:5:30     998    412    0
0:5:31     1023    411    0
0:5:32     1002    412    0
0:5:33     1016    423    0
0:5:34     1006    412    0
0:5:35     1023    417    0
0:5:36     1003    413    0
0:5:37     1009    412    13
0:5:38     1023    413    0
0:5:39     1023    412    0
0:5:40     1007    413    0
0:5:41     1023    415    0
0:5:42     1023    417    0
0:5:43     1010    414    0
0:5:44     1023    418    0
0:5:45     1023    412    0
0:5:46     1013    413    0
0:5:47     1023    413    0
0:5:48     1023    426    0
0:5:49     1023    420    0
0:5:50     1023    412    0
0:5:51     1023    425    0
0:5:52     1023    425    0
0:5:53     1023    413    0
0:5:54     1023    416    0
0:5:55     1023    413    0
0:5:56     1023    412    0
0:5:57     1019    413    0
0:5:58     1023    420    0
0:5:59     1023    426    0
0:6:0     1023    413    0
0:6:1     1020    413    0
0:6:2     1023    413    0
0:6:3     1023    426    0
0:6:4     1023    416    0
0:6:5     1023    414    0
0:6:6     1023    412    0
0:6:7     1023    412    0
0:6:8     1023    426    0
0:6:9     1023    412    0
0:6:10     1023    412    0
0:6:11     1023    413    0
0:6:12     1023    412    0
0:6:13     1023    415    0
0:6:14     1023    413    0
0:6:15     1023    412    0
0:6:16     1023    413    0
0:6:17     1023    412    0
0:6:18     1023    414    0
0:6:19     1023    412    0
0:6:20     1023    413    0
0:6:21     1023    413    0
0:6:22     1023    412    0
0:6:23     1023    416    0
0:6:24     1023    412    0
0:6:25     1023    413    0
0:6:26     1023    411    0
0:6:27     1023    420    0
0:6:28     1023    413    0
0:6:29     1023    414    0
0:6:30     1023    413    0
0:6:31     1023    412    0
0:6:32     1023    412    0
0:6:33     1023    414    0
0:6:34     1023    412    0
0:6:35     1023    426    0
0:6:36     1023    413    0
0:6:37     1023    413    0
0:6:38     1023    418    0
0:6:39     1023    413    0
0:6:40     1023    412    0
0:6:41     1023    413    0
0:6:42     1023    413    0
0:6:43     1023    425    0
0:6:44     1023    413    0
0:6:45     1023    423    0
0:6:46     1023    423    0
0:6:47     1023    412    0
0:6:48     1023    414    0
0:6:49     1023    425    0
0:6:50     1023    412    0
0:6:51     1023    412    0
0:6:52     1023    412    0
0:6:53     1023    413    0
0:6:54     1023    413    0
0:6:55     1023    412    0
0:6:56     1023    413    0

   CO, CO2, O2 
